Single Agent
================================================================
Assay_1 7x7
01441414432431200333333200112220033

Transition sequence: [((5, 5), (6, 5)), ((6, 5), (7, 5)), ((7, 5), (7, 6)), ((7, 6), (6, 6)), ((6, 6), (5, 6)), ((5, 6), (5, 5)), ((5, 5), (6, 5)), ((6, 5), (6, 6)), ((6, 6), (8, 7))]
Additional cost: 11





Assay_4 13x13
{90}
{'230330000000003000211112213303033333300211233332221222124311221222023331213343101113330033100300322003040113201111212200331222043400013322111110223042220311'}
(4, 6)
Episode 347058: Remaining edges: [((12, 9), (13, 9)), ((1, 11), (2, 11)), ((9, 6), (10, 6)), ((12, 6), (13, 6)), ((12, 10), (13, 10)), ((9, 5), (9, 6)), ((1, 11), (2, 11)), ((8, 4), (8, 5)), ((5, 4), (5, 5)), ((8, 3), (8, 4)), ((9, 5), (9, 6)), ((4, 6), (4, 7)), ((12, 6), (13, 6)), ((9, 4), (9, 5)), ((11, 6), (12, 6)), ((8, 4), (8, 5)), ((3, 6), (4, 5)), ((10, 6), (11, 6))]
Additional time : 65 




Sample_2 11x11  
{79}
{'0100033003113134031333002020031222022421331334002031433133121444122200000010222201420104111213312232134003330131241311320320122203100330133433121131322114'}
(1, 9)
Remaining edges: [((9, 6), (10, 6)), ((8, 9), (9, 9)), ((8, 9), (8, 10)), ((1, 6), (2, 6)), ((6, 9), (7, 9)), ((9, 9), (10, 9))]




Assay_5 PCR 15x15
{116}
{'11311211313330213033333141344300003304302011111321121313202240201003331331141212122114242113300002211223322222122200000333331111222121200213400210000423333440400022141203402023013000322333331111311233300324003332044003311'}
(14, 14)
Episode 361960: Remaining edges: [((6, 14), (7, 14)), ((4, 14), (5, 14)), ((1, 9), (1, 10)), ((2, 14), (3, 14)), ((1, 14), (2, 14)), ((1, 5), (2, 5)), ((3, 14), (4, 14)), ((5, 1), (5, 2)), ((1, 8), (1, 9)), ((3, 14), (3, 15))]
Additional Time: 36




Multi Agent
================================================================

Assay_6 Multi-InVitro
    Visited Nodes: 280
    Action Sequence 1: 00330302003302020313313313141112242241200110200213002230033323003331131420001141120201101103013011321301211300420240242032201342122012130012331121033211330310310
    Action Sequence 2: 12111221233311303231122220213030022003030213441124212200333204040013144111221021041233302433423023300310343221311001220033432303131113021311420040410041112201420
    Action Sequence 3: 20200100003004214221124221300422111411343332423000030441430222001243100013043343113214314012013021202442240102201143033442231131012024121413040402313221324002304
    Action Sequence 4: 11413311334333403000222221133120111333232140313002421122120312220040300311344033033424344211111220422003234030122212422203403333321033031321411421342220342230130
    Agent 1 Position: (2, 7)
    Agent 2 Position: (11, 12)
    Agent 3 Position: (6, 9)
    Agent 4 Position: (12, 7)
    Remaining edges_1: [((9, 2), (9, 3)), ((8, 6), (9, 6)), ((5, 4), (5, 5)), ((4, 4), (5, 4)), ((4, 6), (4, 7)), ((6, 2), (6, 3)), ((9, 4), (9, 5)), ((1, 6), (1, 7)), ((1, 7), (1, 8)), ((7, 3), (8, 3)), ((2, 4), (2, 5)), ((6, 3), (7, 3)), ((1, 5), (1, 6)), ((5, 8), (5, 9)), ((7, 5), (7, 6))]
    Remaining edges_2: [((16, 9), (16, 10)), ((14, 12), (14, 13)), ((16, 10), (16, 11)), ((16, 11), (16, 12)), ((11, 10), (12, 10)), ((12, 14), (13, 14)), ((11, 9), (12, 9)), ((9, 13), (10, 13))]
    Remaining edges_3: [((9, 11), (9, 12)), ((7, 12), (7, 13)), ((5, 10), (6, 10)), ((5, 12), (6, 12)), ((7, 12), (8, 12)), ((1, 13), (1, 14)), ((6, 12), (7, 12)), ((9, 15), (9, 16)), ((1, 14), (1, 15)), ((1, 10), (2, 10))]
    Remaining edges_4: [((9, 5), (9, 6)), ((11, 4), (11, 5)), ((10, 5), (11, 5)), ((12, 6), (13, 6)), ((13, 1), (14, 1)), ((9, 7), (10, 7))]





Assay_7 Multi-InVitro & Multi_glu

    Visited Nodes: 321
    Action Sequence 1: 003033003030402021213333313111121202122043122000203302100313131303131230213202044213030011103011241400000022103210414411200202324114211033221323121324143340211343034413034223341300000000000000000003000000
    Action Sequence 2: 211141222222222222223332333331111040002222222022121202030002110312041331201111212402203140320303400321333004213022213134431123311120024010222214144344133000234010243303322332222222142210101100200101010404
    Action Sequence 3: 144300422000000224224210230111113242111333240004102000002211440221210411124220000120031213012102241121111422332233333000022420002033333401112141224210020211211113000323031111333400330000020000000010431010
    Action Sequence 4: 211111333033120031132121130013031013002011120033400210222200332111122211133000443143322343412413240220302020132104023303303331122233113001211144120103401142240212441102220102221022323232110101010010300000
    Agent 1 Position: (16, 10)
    Agent 2 Position: (16, 6)
    Agent 3 Position: (16, 17)
    Agent 4 Position: (14, 2)
    Episode 189901: Remaining edges_1: [((7, 8), (7, 9)), ((5, 6), (6, 6)), ((9, 2), (9, 3)), ((9, 5), (9, 6)), ((2, 8), (3, 8)), ((7, 4), (8, 4)), ((5, 1), (5, 2)), ((4, 3), (4, 4))]
    Episode 189901: Remaining edges_2: [((12, 9), (13, 9)), ((11, 15), (11, 16)), ((16, 9), (16, 10)), ((12, 12), (13, 12)), ((16, 10), (16, 11)), ((9, 13), (9, 14)), ((11, 15), (12, 15)), ((16, 11), (16, 12)), ((13, 11), (14, 11)), ((12, 9), (12, 10)), ((9, 14), (9, 15)), ((11, 9), (12, 9)), ((10, 11), (10, 12)), ((10, 15), (10, 16))]
    Episode 189901: Remaining edges_3: [((7, 19), (8, 19)), ((5, 10), (5, 11)), ((7, 23), (8, 23)), ((7, 12), (7, 13)), ((7, 11), (8, 11)), ((6, 15), (6, 16)), ((7, 9), (7, 10)), ((6, 9), (7, 9)), ((5, 15), (5, 16)), ((5, 11), (6, 11)), ((3, 18), (3, 19)), ((3, 19), (4, 19)), ((6, 9), (6, 10)), ((6, 12), (6, 13)), ((7, 23), (7, 24)), ((4, 11), (4, 12)), ((3, 17), (3, 18)), ((7, 11), (7, 12)), ((4, 9), (4, 10)), ((8, 12), (9, 12)), ((6, 10), (6, 11)), ((3, 9), (3, 10)), ((4, 10), (5, 10)), ((5, 9), (6, 9)), ((8, 19), (8, 20)), ((8, 22), (8, 23)), ((2, 9), (2, 10))]
    Episode 189901: Remaining edges_4: [((14, 1), (14, 2)), ((11, 8), (11, 9)), ((13, 4), (14, 4))]





Assay_9 Multi-Glucose  32 x 32
    Visited Nodes: 214
    Action Sequence 1: 0003300000333211131333111220000141433333300000221131311320010042002242221311140040302000002222222031431303423230133343334433332
    Action Sequence 2: 3000220000402222122034000003222222223331211111112313313303311242001110040242223214234000002130332344333111413000000040033343334
    Action Sequence 3: 1411333333311111111004111201000022224111112223303103233333231141012200414331031300330000022313140012332024222420123433003000333
    Action Sequence 4: 3101122222221111113024222422111112323333303323113433023443023431424100230000222014214223141003440100124211023430000030222222224
    Agent 1 Position: (13, 14)
    Agent 2 Position: (13, 30)
    Agent 3 Position: (28, 14)
    Agent 4 Position: (28, 16)
    Remaining edges_1: [((7, 8), (8, 8)), ((8, 6), (8, 7)), ((3, 14), (3, 15))]
    Remaining edges_2: [((8, 23), (8, 24)), ((1, 24), (2, 24)), ((3, 16), (3, 17))]
    Remaining edges_3: [((28, 14), (28, 15)), ((18, 7), (19, 7)), ((18, 14), (18, 15)), ((28, 10), (28, 11)), ((18, 13), (18, 14)), ((28, 9), (28, 10)), ((22, 7), (22, 8)), ((28, 8), (28, 9)), ((22, 9), (23, 9)), ((22, 8), (22, 9))]
    Remaining edges_4: [((18, 16), (18, 17)), ((16, 22), (17, 22)), ((19, 23), (20, 23)), ((17, 22), (18, 22)), ((16, 24), (17, 24)), ((18, 29), (18, 30))]


