Single Agent
================================================================

Assay_1 7x7
{'04244111422411200333333200112220033'}
Transition sequence: [((5, 5), (6, 5)), ((6, 5), (7, 5)), ((7, 5), (7, 6)), ((7, 6), (6, 6)), ((6, 6), (5, 6)), ((5, 6), (5, 5)), ((5, 5), (6, 5)), ((6, 5), (6, 6)), ((6, 6), (8, 7))]
Additional cost: 11


Assay_2 7x7
{17}
{'4030033112431222441100300001233330133221113'}
(3, 6)
Episode 151793: Remaining edges: [((4, 7), (5, 7)), ((3, 4), (3, 5)), ((3, 7), (4, 7)), ((2, 5), (3, 5)), ((3, 6), (3, 7)), ((1, 5), (2, 5)), ((5, 7), (6, 7))]


Assay_3 9x9
{71}
{'000333113400333211330030030001100021122334331211314203002221120221220003300111122044000333333331221100402140221304441312213'}
(6, 5)
Episode 365980: Remaining edges: [((7, 5), (8, 5)), ((4, 7), (5, 7)), ((6, 2), (6, 3)), ((3, 4), (3, 5)), ((1, 6), (2, 6)), ((5, 4), (6, 4)), ((6, 5), (5, 5)), ((3, 1), (4, 1)), ((5, 5), (6, 5)), ((3, 1), (4, 1)), ((1, 3), (2, 3)), ((3, 6), (4, 6)), ((4, 7), (4, 8)), ((2, 6), (3, 6)), ((5, 7), (5, 8)), ((6, 5), (7, 5)), ((3, 4), (4, 4)), ((3, 7), (4, 7)), ((7, 3), (7, 4)), ((6, 3), (6, 4)), ((7, 4), (8, 4)), ((5, 8), (5, 9)), ((5, 7), (6, 7)), ((6, 1), (6, 2)), ((2, 3), (3, 3)), ((4, 4), (5, 4)), ((4, 6), (4, 7)), ((5, 5), (5, 6)), ((3, 3), (4, 3)), ((3, 5), (4, 5)), ((4, 3), (4, 4))]


Assay_4 11x11
{48}
{'0000333301101223232010331110110000003333300011222221230101333100133323114040420003422201222222233331111122002222232120333004143432134233311101432111211432003310030140434201300403441004411022200'}
(10, 8)
Remaining edges: [((10, 5), (11, 5))]


Assay_5 13x13
Edge Covered {92}
{'203300000000221330000310033111233333200031141332221222123112222213332431243343111343300331100400143003002400112033122224011112403110330242331142222302210204'}
(6, 5)
Remaining edges: [((5, 6), (6, 6)), ((9, 3), (9, 4)), ((9, 6), (10, 6)), ((9, 5), (9, 6)), ((8, 4), (8, 5)), ((3, 9), (4, 9)), ((6, 11), (6, 12)), ((8, 3), (8, 4)), ((5, 4), (5, 5)), ((4, 6), (4, 7)), ((10, 4), (10, 5)), ((12, 3), (13, 3)), ((9, 4), (9, 5)), ((10, 4), (11, 4)), ((10, 3), (10, 4)), ((3, 6), (4, 5))]
Additional time : 55 


Assay_8 PCR 15x15
{117}
{'11311121313330213033333113300002233330302023111111121313022202200333333411312112122112201113300002211222422423122200000333331111222121200222003123000230001323332302122300120042203332002333331113241411433304400012130443032'}
(13, 11)
Remaining edges: [((6, 14), (7, 14)), ((4, 14), (5, 14)), ((1, 9), (1, 10)), ((2, 14), (3, 14)), ((1, 14), (2, 14)), ((1, 5), (2, 5)), ((3, 14), (4, 14)), ((1, 8), (1, 9)), ((3, 14), (3, 15))]
Additional Time: 32

Multi Agent
================================================================

Assay_6 Multi Inv
    Visited Nodes: 305
    Action Sequence 1: 20030033003302220033311331131112120212202130042004204312003031121303313143021202333030232002311311412132112204000024414000202222311321304111311422031333104133021
    Action Sequence 2: 31211122122002211113313031330300222220332030202223431130031131220333321141312341200102422220430314214242310441124323434031443102030423010220334312032022141413324
    Action Sequence 3: 04223000030000211221024122134120211312133333222300000314330122042000211242431300340343343441213213232122222141220433300034131421224101213421004003240404101301240
    Action Sequence 4: 21113313130031121243432113004311303020030224222100034333344221111222221113300043311301233004142124242200224001433102014013100201331423424230313323131300042133114
    Agent 1 Position: (1, 7)
    Agent 2 Position: (11, 12)
    Agent 3 Position: (7, 9)
    Agent 4 Position: (11, 9)
    Remaining edges_1: [((5, 4), (5, 5)), ((1, 9), (2, 9)), ((4, 2), (5, 2)), ((1, 5), (2, 5)), ((5, 1), (5, 2)), ((1, 8), (1, 9))]
    Remaining edges_2: [((12, 9), (12, 10))]
    Remaining edges_3: [((1, 10), (2, 10)), ((8, 5), (9, 5)),  ((8, 5), (8, 6))]
    Remaining edges_4: [((12, 7), (12, 8)), ((9, 6), (9, 7)) ]


Assay_11 Multi Glu X 4
    Visited Nodes: 228
    Action Sequence 1: 0003300000333221440013022001140014000333331100233333333422212222111113032222313114131110022110003300040031433311111332320231442
    Action Sequence 2: 0300220000022221210203100000022222224133211311111113333030131110220141020301012222244231001330020040433433131100023302000033333
    Action Sequence 3: 0111233333333211111130221311123311121204010400000022221111124442333313421330330343330133244020004022314042223240410341000300333
    Action Sequence 4: 0211122222221111131220242242111112233333311000433114334330332442320044404040222212111000444322302312034243230400002222432322221
    Agent 1 Position: (3, 13)
    Agent 2 Position: (13, 28)
    Agent 3 Position: (28, 14)
    Agent 4 Position: (27, 16)
    Remaining edges_1: [((13, 2), (13, 3)), ((13, 1), (13, 2))]
    Remaining edges_2: [((13, 29), (13, 30)), ((13, 28), (13, 29))]
    Remaining edges_3: [((28, 14), (28, 15)), ((28, 9), (28, 10)), ((28, 10), (28, 11))]
    Remaining edges_4: [((16, 24), (17, 24))]


Assay_9 MultiInv & GLU
	Visited Nodes: 371
	Action Sequence 1: 003031133033313000022200203402121133000331122112400221322131120330322000301132311313301000312031123121001134120020220421102313121111200011204030121330000332122121011023100040322112212212220021104001001100
	Action Sequence 2: 001111222222210224222223333313314410432242202222212113021220440002033120433142200042022211411113340030420443223300110323220021124113123423444403013033033012001111223020433412222022333432404222210221012000
	Action Sequence 3: 043202320021130000002242421210111311120200340000044122234422421114101122220030032231120430002314214221132200222011133130040000123333431243101112244220200031214331221432223011111200033003310100010101020310
	Action Sequence 4: 211133130141131122303312304403031312240342042103303121110412222220003003321302010030330443024030113101021101422020140222221210021142323331332031132104344232240343212442440304223222223104112312443101000000
	Agent 1 Position: (7, 1)
	Agent 2 Position: (16, 5)
	Agent 3 Position: (9, 13)
	Agent 4 Position: (14, 2)
	Episode 178890: Remaining edges_1: [((1, 6), (1, 7))]
	Episode 178890: Remaining edges_2: [((9, 11), (9, 12))]
	Episode 178890: Remaining edges_3: [((1, 11), (1, 12)), ((7, 23), (8, 23)), ((1, 12), (1, 13)), ((2, 12), (3, 12)), ((3, 12), (4, 12)), ((1, 14), (1, 15)), ((1, 23), (2, 23))]
	Episode 178890: Remaining edges_4: [((14, 7), (14, 8)), ((14, 6), (14, 7))]


Assay_10 30x30
Visited Nodes: 250
Action Sequence 1: 10000033333333300004111111113330000300204000022241212222222234033331333302010200341130042334433114143004440401111111122414123323021001023130312144343243124440202142200102400203040302400
Action Sequence 2: 00004402222222242041104101111222000023000000333132110040314310333333322202220202141200230122212003114142121300013410130423331110111430121242220404040111123420342121334023002040130134203
Action Sequence 3: 41411111333333333000400343312131113120111411130032010000242221111412222222422333333331131211440410303344340031110020230444011041204231220043414334420330010030424214043420440440044330032
Action Sequence 4: 01111112222222220000022211130312211211143111330311300333333332222222012214103131120021142224320000211410411314002140040000130333010014413210000242211100103022011434102023340110224143311
Agent 1 Position: (15, 9)
Agent 2 Position: (9, 18)
Agent 3 Position: (30, 15)
Agent 4 Position: (22, 18)
Remaining edges_1: []
Remaining edges_2: [((13, 22), (14, 22)), ((14, 22), (15, 22)), ((14, 17), (15, 17))]
Remaining edges_3: [((18, 10), (19, 10)), ((17, 9), (18, 9))]
Remaining edges_4: []


Assay_12 50x50
Visited Nodes: 699
Action Sequence 1: 30333000003330002221104000000003341023300001222111100000003330010001024222311414000044003233434011114333333333300022241011111120000144311112344144030211024341113330411114322221111111333111222111133310040101000333240200200040040001222222224212104132443243034223012441103222144340131141113211433233343330004302410140002324130020000303034304000010010043333333000330113132133314022211110122342240000333000044304413401410412121000024012133123110002143142133422320213403430214401111334024033041412244224021142411111112112442444022413322423221321011
Action Sequence 2: 00222222000032000333000222100000401333320000122211122222220002322211133311111111111111222000004013123012110000403331131320020222000400002222222000222111111110331113111111122243200100033333334333333334333343433310004000400000302121314210313404211044042441110111231311332241134214011212204142140222224201221204140040100220222102412204233140400400202303232432233004001040042112332022324411114141141111222333434242032104110024314321131314313011104400213000420234214220303240412400114440031243044101101412441433223411111033023024442032200132210244
Action Sequence 3: 11111333333011111231112242111332433001111110122214003120000223322233333333333330003334100002422000033340002201211122222224000224211111113311131313331333141113330000223223232333333333332332432330002242111111133300022222221122142010000012102203334023413240201300004010000433333331033300022211411144113330400033321122401131444143212330144122231244403400210242040111333111413334112322234020233434400332112432143403210240424302240223312020322234000002014001400303313104041014021421020433301442201104233340442131111143241031214211301141411434322111
Action Sequence 4: 12221222111321111333114122211122333331114122303122211111133300114441111222001000222313134130420022222222221104101113433000001004000000002221123113330032000002220004000033304002221112333333221411122202311411332233311134333333333320440000100000030212232433333322442242322222222333222121112111223211142233231311014433000242211110111312114124230040004300343001024300232402013324212041340041430221110442303424143104244002114240211344323102412240310433321022234140001040431113331144441110020231423433233010403023220322003010314031211214241022210020
Agent 1 Position: (13, 17)
Agent 2 Position: (6, 21)
Agent 3 Position: (33, 27)
Agent 4 Position: (38, 30)
Remaining edges_1: [((12, 6), (12, 7)), ((16, 14), (17, 14)), ((22, 4), (23, 4)), ((12, 16), (12, 17)), ((22, 15), (22, 16)), ((4, 7), (5, 7)), ((6, 2), (6, 3)), ((26, 1), (26, 2)), ((2, 6), (2, 7)), ((16, 7), (16, 8)), ((16, 1), (16, 2)), ((2, 7), (3, 7)), ((6, 4), (7, 4)), ((12, 14), (12, 15)), ((2, 5), (2, 6)), ((18, 14), (19, 14)), ((26, 2), (26, 3)), ((12, 4), (12, 5)), ((16, 3), (16, 4)), ((22, 16), (22, 17)), ((3, 7), (4, 7)), ((6, 3), (6, 4)), ((29, 17), (30, 17)), ((5, 7), (6, 7)), ((6, 1), (6, 2)), ((12, 15), (12, 16)), ((1, 14), (2, 14)), ((15, 7), (16, 7)), ((2, 4), (2, 5)), ((12, 5), (12, 6)), ((16, 2), (16, 3))]
Remaining edges_2: [((9, 24), (9, 25)), ((16, 21), (16, 22)), ((19, 27), (20, 27)), ((9, 25), (9, 26)), ((6, 49), (6, 50)), ((19, 37), (20, 37)), ((16, 23), (16, 24)), ((16, 24), (16, 25)), ((12, 35), (12, 36)), ((16, 48), (16, 49)), ((12, 36), (12, 37)), ((16, 22), (16, 23)), ((16, 49), (16, 50)), ((12, 34), (12, 35))]
Remaining edges_3: [((49, 7), (50, 7)), ((31, 24), (32, 24)), ((41, 4), (42, 4)), ((41, 14), (42, 14)), ((31, 14), (32, 14)), ((49, 17), (50, 17))]
Remaining edges_4: [((28, 47), (29, 47)), ((29, 44), (29, 45)), ((49, 37), (50, 37)), ((29, 47), (30, 47)), ((29, 35), (29, 36)), ((29, 45), (29, 46)), ((46, 32), (46, 33)), ((26, 48), (26, 49)), ((21, 44), (22, 44)), ((34, 44), (35, 44)), ((33, 44), (34, 44)), ((47, 47), (48, 47)), ((48, 47), (49, 47)), ((36, 48), (36, 49)), ((21, 34), (22, 34)), ((32, 44), (33, 44)), ((46, 31), (46, 32)), ((29, 46), (29, 47)), ((36, 49), (36, 50)), ((35, 44), (36, 44)), ((29, 36), (29, 37)), ((26, 47), (26, 48)), ((26, 49), (26, 50)), ((41, 44), (42, 44)), ((26, 31), (26, 32))]
