1 10 2 20
1 1 2 1
1 6 2 3
3 1 2 2
3 15 2 6
1 1 3 1
1 7 3 3
2 10 3 20
3 2 3 2
4 15 3 6
1 14 4 5
1 8 4 3
2 11 4 20
2 1 4 1
4 2 4 2
5 15 4 6
1 11 5 4
1 8 5 3
2 14 5 5
2 2 5 1
3 11 5 20
5 14 5 6
5 2 5 2
1 10 6 4
1 7 6 3
2 14 6 5
2 2 6 1
4 11 6 20
5 14 6 6
5 2 6 2
2 10 7 4
2 14 7 5
2 2 7 1
2 7 7 3
5 11 7 20
5 14 7 6
5 2 7 2
2 14 8 5
2 2 8 1
3 10 8 4
3 7 8 3
5 14 8 6
5 2 8 2
6 11 8 20
2 14 9 5
2 2 9 1
3 10 9 4
3 7 9 3
5 14 9 6
5 2 9 2
7 11 9 20
1 14 13 5
1 2 13 1
1 5 13 13
3 10 13 4
3 7 13 3
4 14 13 6
4 2 13 2
8 8 13 20
1 12 15 5
1 4 15 1
1 7 15 13
2 2 15 2
3 10 15 4
3 13 15 6
3 7 15 3
8 7 15 20
1 14 17 5
1 6 17 1
2 3 17 2
3 7 17 13
3 9 17 4
5 13 17 6
5 7 17 3
7 6 17 20
1 7 18 1
2 14 18 5
3 10 18 4
3 3 18 2
3 8 18 13
6 13 18 6
6 7 18 3
7 5 18 20
2 7 19 1
3 11 19 4
3 14 19 5
3 9 19 13
4 3 19 2
6 5 19 20
7 13 19 6
7 7 19 3
3 10 20 13
3 12 20 4
3 7 20 1
4 14 20 5
5 3 20 2
5 5 20 20
7 14 20 6
7 6 20 3
3 10 21 13
3 13 21 4
3 7 21 1
4 5 21 20
5 14 21 5
6 3 21 2
7 15 21 6
8 6 21 3
2 13 22 4
3 10 22 13
3 7 22 1
4 5 22 20
6 14 22 5
6 4 22 2
8 7 22 3
1 6 26 20
2 14 26 4
3 10 26 13
3 7 26 1
5 14 26 5
7 8 26 3
8 5 26 2
1 6 27 20
2 14 27 4
3 10 27 13
3 7 27 1
5 14 27 5
7 9 27 3
8 5 27 2
1 5 28 20
2 14 28 4
3 8 28 1
4 10 28 13
5 14 28 5
7 10 28 3
7 5 28 2
2 14 29 4
2 5 29 20
2 8 29 1
4 11 29 13
5 14 29 5
7 11 29 3
7 5 29 2
1 8 30 1
2 14 30 4
3 5 30 20
4 12 30 13
5 14 30 5
7 12 30 3
8 5 30 2
2 15 31 4
2 8 31 1
3 4 31 20
4 11 31 13
5 15 31 5
7 13 31 3
8 4 31 2
1 15 32 4
2 4 32 20
3 8 32 1
4 15 32 5
5 11 32 13
7 14 32 3
7 4 32 2
1 14 33 4
2 3 33 20
4 14 33 5
4 8 33 1
5 12 33 13
6 4 33 2
7 14 33 3
1 13 34 4
2 2 34 20
3 14 34 5
4 7 34 1
5 13 34 13
5 4 34 2
7 15 34 3
1 12 35 4
2 1 35 20
2 14 35 5
4 6 35 1
5 14 35 13
5 3 35 2
7 15 35 3
1 11 36 4
2 14 36 5
2 2 36 20
4 5 36 1
5 14 36 13
5 2 36 2
1 12 37 4
2 14 37 5
2 3 37 20
4 4 37 1
5 14 37 13
6 2 37 2
2 14 39 5
2 5 39 20
3 12 39 4
3 3 39 1
5 14 39 13
7 1 39 2
2 9 43 20
3 14 43 5
4 11 43 4
5 1 43 1
5 14 43 13
7 1 43 2
2 10 44 20
3 15 44 5
4 10 44 4
6 1 44 1
6 14 44 13
2 11 45 20
3 15 45 5
4 9 45 4
6 14 45 13
7 1 45 1
2 12 46 20
4 15 46 5
4 8 46 4
6 13 46 13
2 13 47 20
4 14 47 5
4 7 47 4
6 12 47 13
3 15 57 20
5 14 57 5
7 1 57 4
