5  1  1  11  20  1  2  1  1  5  3  3  1  2  3  15  6
5  2  1  10  20  1  1  1  1  6  3  3  1  2  3  15  6
5  3  1  1  1  1  7  3  2  10  20  3  2  2  4  15  6
6  4  1  14  5  1  8  3  2  11  20  2  1  1  4  2  2  5  15  6
7  5  1  11  4  1  8  3  2  14  5  2  2  1  3  11  20  5  14  6  5  2  2
7  6  1  10  4  1  7  3  2  14  5  2  2  1  4  11  20  5  14  6  5  2  2
7  7  2  10  4  2  14  5  2  2  1  2  7  3  5  11  20  5  14  6  5  2  2
7  8  2  14  5  2  2  1  3  10  4  3  7  3  5  14  6  5  2  2  6  11  20
7  9  2  14  5  2  2  1  3  10  4  3  7  3  5  14  6  5  2  2  7  11  20
8  10  1  8  13  2  14  5  2  2  1  3  10  4  3  7  3  5  14  6  5  2  2  7  10  20
8  11  1  7  13  2  14  5  2  2  1  3  10  4  3  7  3  5  14  6  5  2  2  7  9  20
8  12  1  6  13  2  14  5  2  2  1  3  10  4  3  7  3  5  14  6  5  2  2  7  8  20
8  13  1  14  5  1  2  1  1  5  13  3  10  4  3  7  3  4  14  6  4  2  2  8  8  20
8  14  1  13  5  1  3  1  1  6  13  3  10  4  3  14  6  3  2  2  3  7  3  8  7  20
8  15  1  12  5  1  4  1  1  7  13  2  2  2  3  10  4  3  13  6  3  7  3  8  7  20
8  16  1  13  5  1  5  1  2  2  2  2  7  13  3  9  4  4  13  6  4  7  3  7  7  20
8  17  1  14  5  1  6  1  2  3  2  3  7  13  3  9  4  5  13  6  5  7  3  7  6  20
8  18  1  7  1  2  14  5  3  10  4  3  3  2  3  8  13  6  13  6  6  7  3  7  5  20
8  19  2  7  1  3  11  4  3  14  5  3  9  13  4  3  2  6  5  20  7  13  6  7  7  3
8  20  3  10  13  3  12  4  3  7  1  4  14  5  5  3  2  5  5  20  7  14  6  7  6  3
8  21  3  10  13  3  13  4  3  7  1  4  5  20  5  14  5  6  3  2  7  15  6  8  6  3
7  22  2  13  4  3  10  13  3  7  1  4  5  20  6  14  5  6  4  2  8  7  3
7  23  2  14  4  3  10  13  3  5  20  3  7  1  5  14  5  6  4  2  8  8  3
7  24  2  14  4  2  5  20  3  10  13  3  7  1  5  14  5  7  4  2  8  8  3
7  25  1  5  20  2  14  4  3  10  13  3  7  1  5  14  5  7  5  2  7  8  3
7  26  1  6  20  2  14  4  3  10  13  3  7  1  5  14  5  7  8  3  8  5  2
7  27  1  6  20  2  14  4  3  10  13  3  7  1  5  14  5  7  9  3  8  5  2
7  28  1  5  20  2  14  4  3  8  1  4  10  13  5  14  5  7  10  3  7  5  2
7  29  2  14  4  2  5  20  2  8  1  4  11  13  5  14  5  7  11  3  7  5  2
7  30  1  8  1  2  14  4  3  5  20  4  12  13  5  14  5  7  12  3  8  5  2
7  31  2  15  4  2  8  1  3  4  20  4  11  13  5  15  5  7  13  3  8  4  2
7  32  1  15  4  2  4  20  3  8  1  4  15  5  5  11  13  7  14  3  7  4  2
7  33  1  14  4  2  3  20  4  14  5  4  8  1  5  12  13  6  4  2  7  14  3
7  34  1  13  4  2  2  20  3  14  5  4  7  1  5  13  13  5  4  2  7  15  3
7  35  1  12  4  2  1  20  2  14  5  4  6  1  5  14  13  5  3  2  7  15  3
6  36  1  11  4  2  14  5  2  2  20  4  5  1  5  14  13  5  2  2
6  37  1  12  4  2  14  5  2  3  20  4  4  1  5  14  13  6  2  2
6  38  2  12  4  2  14  5  2  4  20  4  3  1  5  14  13  7  2  2
6  39  2  14  5  2  5  20  3  12  4  3  3  1  5  14  13  7  1  2
6  40  2  14  5  2  6  20  4  12  4  4  3  1  5  14  13  8  1  2
6  41  2  14  5  2  7  20  4  12  4  5  14  13  5  3  1  8  1  2
6  42  2  14  5  2  8  20  4  11  4  5  14  13  5  2  1  8  1  2
6  43  2  9  20  3  14  5  4  11  4  5  1  1  5  14  13  7  1  2
5  44  2  10  20  3  15  5  4  10  4  6  1  1  6  14  13
5  45  2  11  20  3  15  5  4  9  4  6  14  13  7  1  1
4  46  2  12  20  4  15  5  4  8  4  6  13  13
4  47  2  13  20  4  14  5  4  7  4  6  12  13
4  48  2  14  20  4  6  4  5  14  5  7  12  13
4  49  2  14  20  4  5  4  5  14  5  7  13  13
4  50  2  14  20  4  4  4  5  14  5  7  14  13
4  51  2  14  20  4  3  4  5  14  5  7  15  13
4  52  2  14  20  4  2  4  5  14  5  8  15  13
4  53  2  14  20  4  1  4  5  14  5  7  15  13
3  54  2  14  20  4  1  4  5  14  5
3  55  2  14  20  5  1  4  5  14  5
3  56  2  15  20  4  14  5  6  1  4
3  57  3  15  20  5  14  5  7  1  4
3  58  3  15  20  5  13  5  8  1  4
3  59  4  15  20  5  13  5  8  2  4
3  60  5  15  20  6  13  5  7  2  4
3  61  6  13  5  6  15  20  7  1  4
3  62  7  13  5  7  1  4  7  15  20
