ip 1 11 1
ip 1 11 5
ip 1 14 4
ip 1 2 1
ip 1 5 1
ip 1 8 10
ip 3 1 1
ip 3 15 1
op 7 1 44
op 7 1 46
op 7 15 22
op 7 15 36
op 7 15 54
op 7 15 63
op 7 1 63
op 8 13 64
t100
t110
t117
t123
t136
t140
t145
t154
t167
t174
t2
t22
t29
t35
t47
t50
t64
t71
t78
t86
t9
t96
a 1 11 20 1
a 1 2 1 1
a 1 5 3 1
a 3 1 2 1
a 3 15 6 1
a 1 10 20 2
a 1 1 1 2
a 1 6 3 2
a 3 1 2 2
a 3 15 6 2
a 1 1 1 3
a 1 7 3 3
a 2 10 20 3
a 3 2 2 3
a 4 15 6 3
a 1 14 5 4
a 1 8 3 4
a 2 11 20 4
a 2 1 1 4
a 4 2 2 4
a 5 15 6 4
a 1 11 4 5
a 1 8 3 5
a 2 14 5 5
a 2 2 1 5
a 3 11 20 5
a 5 14 6 5
a 5 2 2 5
a 1 10 4 6
a 1 7 3 6
a 2 14 5 6
a 2 2 1 6
a 4 11 20 6
a 5 14 6 6
a 5 2 2 6
a 2 10 4 7
a 2 14 5 7
a 2 2 1 7
a 2 7 3 7
a 5 11 20 7
a 5 14 6 7
a 5 2 2 7
a 2 14 5 8
a 2 2 1 8
a 3 10 4 8
a 3 7 3 8
a 5 14 6 8
a 5 2 2 8
a 6 11 20 8
a 2 14 5 9
a 2 2 1 9
a 3 10 4 9
a 3 7 3 9
a 5 14 6 9
a 5 2 2 9
a 7 11 20 9
a 1 8 13 10
a 2 14 5 10
a 2 2 1 10
a 3 10 4 10
a 3 7 3 10
a 5 14 6 10
a 5 2 2 10
a 7 10 20 10
a 1 7 13 11
a 2 14 5 11
a 2 2 1 11
a 3 10 4 11
a 3 7 3 11
a 5 14 6 11
a 5 2 2 11
a 7 9 20 11
a 1 6 13 12
a 2 14 5 12
a 2 2 1 12
a 3 10 4 12
a 3 7 3 12
a 5 14 6 12
a 5 2 2 12
a 7 8 20 12
a 1 14 5 13
a 1 2 1 13
a 1 5 13 13
a 3 10 4 13
a 3 7 3 13
a 4 14 6 13
a 4 2 2 13
a 8 8 20 13
a 1 13 5 14
a 1 3 1 14
a 1 6 13 14
a 3 10 4 14
a 3 14 6 14
a 3 2 2 14
a 3 7 3 14
a 8 7 20 14
a 1 12 5 15
a 1 4 1 15
a 1 7 13 15
a 2 2 2 15
a 3 10 4 15
a 3 13 6 15
a 3 7 3 15
a 8 7 20 15
a 1 13 5 16
a 1 5 1 16
a 2 2 2 16
a 2 7 13 16
a 3 9 4 16
a 4 13 6 16
a 4 7 3 16
a 7 7 20 16
a 1 14 5 17
a 1 6 1 17
a 2 3 2 17
a 3 7 13 17
a 3 9 4 17
a 5 13 6 17
a 5 7 3 17
a 7 6 20 17
a 1 7 1 18
a 2 14 5 18
a 3 10 4 18
a 3 3 2 18
a 3 8 13 18
a 6 13 6 18
a 6 7 3 18
a 7 5 20 18
a 2 7 1 19
a 3 11 4 19
a 3 14 5 19
a 3 9 13 19
a 4 3 2 19
a 6 5 20 19
a 7 13 6 19
a 7 7 3 19
a 3 10 13 20
a 3 12 4 20
a 3 7 1 20
a 4 14 5 20
a 5 3 2 20
a 5 5 20 20
a 7 14 6 20
a 7 6 3 20
a 3 10 13 21
a 3 13 4 21
a 3 7 1 21
a 4 5 20 21
a 5 14 5 21
a 6 3 2 21
a 7 15 6 21
a 8 6 3 21
a 2 13 4 22
a 3 10 13 22
a 3 7 1 22
a 4 5 20 22
a 6 14 5 22
a 6 4 2 22
a 8 7 3 22
a 2 14 4 23
a 3 10 13 23
a 3 5 20 23
a 3 7 1 23
a 5 14 5 23
a 6 4 2 23
a 8 8 3 23
a 2 14 4 24
a 2 5 20 24
a 3 10 13 24
a 3 7 1 24
a 5 14 5 24
a 7 4 2 24
a 8 8 3 24
a 1 5 20 25
a 2 14 4 25
a 3 10 13 25
a 3 7 1 25
a 5 14 5 25
a 7 5 2 25
a 7 8 3 25
a 1 6 20 26
a 2 14 4 26
a 3 10 13 26
a 3 7 1 26
a 5 14 5 26
a 7 8 3 26
a 8 5 2 26
a 1 6 20 27
a 2 14 4 27
a 3 10 13 27
a 3 7 1 27
a 5 14 5 27
a 7 9 3 27
a 8 5 2 27
a 1 5 20 28
a 2 14 4 28
a 3 8 1 28
a 4 10 13 28
a 5 14 5 28
a 7 10 3 28
a 7 5 2 28
a 2 14 4 29
a 2 5 20 29
a 2 8 1 29
a 4 11 13 29
a 5 14 5 29
a 7 11 3 29
a 7 5 2 29
a 1 8 1 30
a 2 14 4 30
a 3 5 20 30
a 4 12 13 30
a 5 14 5 30
a 7 12 3 30
a 8 5 2 30
a 2 15 4 31
a 2 8 1 31
a 3 4 20 31
a 4 11 13 31
a 5 15 5 31
a 7 13 3 31
a 8 4 2 31
a 1 15 4 32
a 2 4 20 32
a 3 8 1 32
a 4 15 5 32
a 5 11 13 32
a 7 14 3 32
a 7 4 2 32
a 1 14 4 33
a 2 3 20 33
a 4 14 5 33
a 4 8 1 33
a 5 12 13 33
a 6 4 2 33
a 7 14 3 33
a 1 13 4 34
a 2 2 20 34
a 3 14 5 34
a 4 7 1 34
a 5 13 13 34
a 5 4 2 34
a 7 15 3 34
a 1 12 4 35
a 2 1 20 35
a 2 14 5 35
a 4 6 1 35
a 5 14 13 35
a 5 3 2 35
a 7 15 3 35
a 1 11 4 36
a 2 14 5 36
a 2 2 20 36
a 4 5 1 36
a 5 14 13 36
a 5 2 2 36
a 1 12 4 37
a 2 14 5 37
a 2 3 20 37
a 4 4 1 37
a 5 14 13 37
a 6 2 2 37
a 2 12 4 38
a 2 14 5 38
a 2 4 20 38
a 4 3 1 38
a 5 14 13 38
a 7 2 2 38
a 2 14 5 39
a 2 5 20 39
a 3 12 4 39
a 3 3 1 39
a 5 14 13 39
a 7 1 2 39
a 2 14 5 40
a 2 6 20 40
a 4 12 4 40
a 4 3 1 40
a 5 14 13 40
a 8 1 2 40
a 2 14 5 41
a 2 7 20 41
a 4 12 4 41
a 5 14 13 41
a 5 3 1 41
a 8 1 2 41
a 2 14 5 42
a 2 8 20 42
a 4 11 4 42
a 5 14 13 42
a 5 2 1 42
a 8 1 2 42
a 2 9 20 43
a 3 14 5 43
a 4 11 4 43
a 5 1 1 43
a 5 14 13 43
a 7 1 2 43
a 2 10 20 44
a 3 15 5 44
a 4 10 4 44
a 6 1 1 44
a 6 14 13 44
a 2 11 20 45
a 3 15 5 45
a 4 9 4 45
a 6 14 13 45
a 7 1 1 45
a 2 12 20 46
a 4 15 5 46
a 4 8 4 46
a 6 13 13 46
a 2 13 20 47
a 4 14 5 47
a 4 7 4 47
a 6 12 13 47
a 2 14 20 48
a 4 6 4 48
a 5 14 5 48
a 7 12 13 48
a 2 14 20 49
a 4 5 4 49
a 5 14 5 49
a 7 13 13 49
a 2 14 20 50
a 4 4 4 50
a 5 14 5 50
a 7 14 13 50
a 2 14 20 51
a 4 3 4 51
a 5 14 5 51
a 7 15 13 51
a 2 14 20 52
a 4 2 4 52
a 5 14 5 52
a 8 15 13 52
a 2 14 20 53
a 4 1 4 53
a 5 14 5 53
a 7 15 13 53
a 2 14 20 54
a 4 1 4 54
a 5 14 5 54
a 2 14 20 55
a 5 1 4 55
a 5 14 5 55
a 2 15 20 56
a 4 14 5 56
a 6 1 4 56
a 3 15 20 57
a 5 14 5 57
a 7 1 4 57
a 3 15 20 58
a 5 13 5 58
a 8 1 4 58
a 4 15 20 59
a 5 13 5 59
a 8 2 4 59
a 5 15 20 60
a 6 13 5 60
a 7 2 4 60
a 6 13 5 61
a 6 15 20 61
a 7 1 4 61
a 7 13 5 62
a 7 1 4 62
a 7 15 20 62
a 8 13 5 63
