ip 5 1 1
ip 5 1 13
ip 5 1 6
ip 5 8 1
ip 5 8 13
ip 5 8 6
op 1 3 33
op 1 3 39
op 1 6 33
op 1 6 39
op 9 6 31
op 9 6 39
t1
t102
t104
t13
t21
t26
t34
t39
t46
t49
t59
t62
t72
t76
t8
t81
t89
t91
a 5 1 1 1
a 5 8 2 1
a 5 1 1 2
a 5 7 2 2
a 5 2 1 3
a 5 6 2 3
a 5 3 1 4
a 5 6 2 4
a 5 3 1 5
a 5 6 2 5
a 5 1 3 6
a 5 3 1 6
a 5 6 2 6
a 5 8 4 6
a 5 3 1 7
a 5 6 2 7
a 6 1 3 7
a 6 8 4 7
a 5 3 1 8
a 5 6 2 8
a 7 1 3 8
a 7 8 4 8
a 5 3 1 9
a 5 6 2 9
a 8 1 3 9
a 8 8 4 9
a 5 3 1 10
a 5 6 2 10
a 8 1 3 10
a 8 7 4 10
a 5 3 1 11
a 5 6 2 11
a 8 2 3 11
a 8 6 4 11
a 5 3 1 12
a 5 6 2 12
a 8 3 3 12
a 8 6 4 12
a 5 1 5 13
a 5 3 1 13
a 5 6 2 13
a 5 8 6 13
a 8 3 3 13
a 8 6 4 13
a 4 1 5 14
a 4 8 6 14
a 5 3 1 14
a 5 6 2 14
a 8 3 3 14
a 8 6 4 14
a 4 1 5 15
a 4 8 6 15
a 5 3 1 15
a 5 6 2 15
a 8 3 3 15
a 8 6 4 15
a 4 1 5 16
a 4 8 6 16
a 5 3 1 16
a 5 6 2 16
a 8 3 3 16
a 8 6 4 16
a 4 1 5 17
a 4 8 6 17
a 5 3 1 17
a 5 6 2 17
a 8 3 3 17
a 8 6 4 17
a 3 1 5 18
a 3 8 6 18
a 5 3 1 18
a 5 6 2 18
a 8 3 3 18
a 8 6 4 18
a 2 1 5 19
a 2 8 6 19
a 5 3 1 19
a 5 6 2 19
a 8 3 3 19
a 8 6 4 19
a 1 1 5 20
a 1 8 6 20
a 5 3 1 20
a 5 6 2 20
a 8 3 3 20
a 8 6 4 20
a 2 1 5 21
a 2 8 6 21
a 5 3 1 21
a 5 6 2 21
a 8 3 3 21
a 8 6 4 21
a 2 2 5 22
a 2 7 6 22
a 5 3 1 22
a 5 6 2 22
a 8 3 3 22
a 8 6 4 22
a 2 3 5 23
a 2 6 6 23
a 5 3 1 23
a 5 6 2 23
a 8 3 3 23
a 8 6 4 23
a 2 3 5 24
a 2 6 6 24
a 5 3 1 24
a 5 6 2 24
a 8 3 3 24
a 8 6 4 24
a 2 3 5 25
a 2 6 6 25
a 5 3 1 25
a 5 6 2 25
a 8 3 3 25
a 8 6 4 25
a 2 3 5 26
a 2 6 6 26
a 5 3 1 26
a 5 6 2 26
a 8 3 3 26
a 8 6 4 26
a 2 3 5 27
a 2 6 6 27
a 5 3 1 27
a 5 6 2 27
a 8 3 3 27
a 8 6 4 27
a 2 3 5 28
a 2 6 6 28
a 5 3 1 28
a 5 6 2 28
a 8 3 3 28
a 8 5 4 28
a 1 3 5 29
a 1 6 6 29
a 4 6 2 29
a 5 3 1 29
a 8 3 3 29
a 8 6 4 29
a 1 2 5 30
a 1 6 6 30
a 5 3 1 30
a 5 6 2 30
a 8 3 3 30
a 9 6 4 30
a 1 3 5 31
a 1 6 6 31
a 4 3 1 31
a 5 6 2 31
a 8 3 3 31
a 1 3 5 32
a 1 6 6 32
a 5 3 1 32
a 5 6 2 32
a 8 3 3 32
a 4 3 1 33
a 4 6 2 33
a 7 3 3 33
a 3 3 1 34
a 3 6 2 34
a 7 4 3 34
a 2 3 1 35
a 2 6 2 35
a 7 5 3 35
a 1 3 1 36
a 1 6 2 36
a 7 6 3 36
a 1 3 1 37
a 1 6 2 37
a 8 6 3 37
a 1 3 1 38
a 1 6 2 38
a 9 6 3 38
