ip 1 11 1
ip 1 11 11
ip 1 11 29
ip 1 11 41
ip 1 11 53
ip 1 11 58
ip 1 14 4
ip 1 2 8
ip 1 5 1
ip 1 8 17
ip 1 8 21
ip 3 1 1
ip 3 15 1
op 7 15 31
op 7 15 52
op 7 15 68
op 8 13 65
op 8 13 68
op 8 13 71
op 8 13 73
op 8 3 66
op 8 3 69
op 8 3 71
op 8 3 73
op 8 8 70
op 8 8 73
t111
t123
t138
t148
t158
t176
t18
t183
t198
t215
t234
t235
t255
t266
t27
t277
t296
t301
t323
t329
t347
t352
t376
t383
t392
t41
t413
t423
t442
t448
t467
t472
t492
t495
t516
t525
t536
t554
t59
t6
t73
t80
t95
a 1 11 10 1
a 1 5 7 1
a 3 1 2 1
a 3 15 6 1
a 1 10 10 2
a 2 1 2 2
a 2 5 7 2
a 3 14 6 2
a 1 1 2 3
a 1 9 10 3
a 3 13 6 3
a 3 5 7 3
a 1 14 5 4
a 1 2 2 4
a 1 8 10 4
a 3 13 6 4
a 3 6 7 4
a 1 3 2 5
a 1 7 10 5
a 2 14 5 5
a 3 12 6 5
a 3 7 7 5
a 1 6 10 6
a 2 3 2 6
a 3 11 6 6
a 3 14 5 6
a 3 8 7 6
a 1 5 10 7
a 2 8 7 7
a 3 11 6 7
a 3 14 5 7
a 3 3 2 7
a 1 2 1 8
a 2 5 10 8
a 2 9 7 8
a 3 11 6 8
a 3 14 5 8
a 4 3 2 8
a 1 1 1 9
a 1 9 7 9
a 2 5 10 9
a 3 11 6 9
a 3 14 5 9
a 4 4 2 9
a 1 1 1 10
a 2 4 10 10
a 2 9 7 10
a 3 11 6 10
a 3 14 5 10
a 5 4 2 10
a 1 11 8 11
a 1 9 7 11
a 2 1 1 11
a 2 3 10 11
a 3 11 6 11
a 3 14 5 11
a 5 5 2 11
a 1 10 7 12
a 1 12 8 12
a 2 3 10 12
a 3 1 1 12
a 3 12 6 12
a 4 14 5 12
a 4 5 2 12
a 1 11 7 13
a 1 13 8 13
a 1 3 10 13
a 3 2 1 13
a 3 5 2 13
a 4 12 6 13
a 5 14 5 13
a 1 14 8 14
a 1 2 10 14
a 2 11 7 14
a 3 2 1 14
a 3 5 2 14
a 5 12 6 14
a 6 14 5 14
a 1 1 10 15
a 2 11 7 15
a 2 14 8 15
a 3 2 1 15
a 3 5 2 15
a 5 11 6 15
a 5 14 5 15
a 1 1 10 16
a 3 11 7 16
a 3 14 8 16
a 3 2 1 16
a 3 5 2 16
a 5 10 6 16
a 5 13 5 16
a 1 2 10 17
a 1 8 4 17
a 3 11 7 17
a 3 14 8 17
a 3 2 1 17
a 3 5 2 17
a 5 12 5 17
a 5 9 6 17
a 1 1 10 18
a 2 8 4 18
a 3 11 7 18
a 3 14 8 18
a 3 2 1 18
a 3 5 2 18
a 5 11 5 18
a 5 9 6 18
a 1 1 10 19
a 3 11 7 19
a 3 14 8 19
a 3 3 1 19
a 3 5 2 19
a 3 8 4 19
a 5 11 5 19
a 6 9 6 19
a 1 1 10 20
a 3 11 7 20
a 3 14 8 20
a 3 5 2 20
a 3 8 4 20
a 4 3 1 20
a 5 12 5 20
a 6 10 6 20
a 1 8 3 21
a 2 1 10 21
a 3 11 7 21
a 3 14 8 21
a 3 5 2 21
a 3 8 4 21
a 5 13 5 21
a 5 3 1 21
a 6 11 6 21
a 1 1 10 22
a 1 9 3 22
a 3 11 7 22
a 3 13 8 22
a 3 5 2 22
a 3 8 4 22
a 5 14 5 22
a 5 4 1 22
a 6 11 6 22
a 1 10 3 23
a 1 1 10 23
a 3 11 7 23
a 3 14 8 23
a 3 5 2 23
a 3 8 4 23
a 5 5 1 23
a 6 11 6 23
a 6 14 5 23
a 1 1 10 24
a 1 11 3 24
a 3 11 7 24
a 3 14 8 24
a 3 5 2 24
a 3 8 4 24
a 5 6 1 24
a 6 11 6 24
a 6 14 5 24
a 1 1 10 25
a 1 12 3 25
a 2 5 2 25
a 2 8 4 25
a 3 11 7 25
a 3 14 8 25
a 4 6 1 25
a 6 11 6 25
a 6 14 5 25
a 1 1 10 26
a 1 13 3 26
a 1 5 2 26
a 2 7 4 26
a 3 11 7 26
a 3 14 8 26
a 4 7 1 26
a 6 11 6 26
a 6 14 5 26
a 1 1 10 27
a 1 14 3 27
a 1 4 2 27
a 1 7 4 27
a 3 14 8 27
a 4 11 7 27
a 4 8 1 27
a 6 10 6 27
a 6 14 5 27
a 1 1 10 28
a 1 14 3 28
a 1 5 2 28
a 2 7 4 28
a 3 14 8 28
a 4 9 1 28
a 5 11 7 28
a 6 14 5 28
a 6 9 6 28
a 1 1 10 29
a 1 11 13 29
a 1 13 3 29
a 1 6 2 29
a 3 13 8 29
a 3 7 4 29
a 4 10 1 29
a 6 11 7 29
a 6 15 5 29
a 6 9 6 29
a 1 10 13 30
a 1 1 10 30
a 1 12 3 30
a 1 5 2 30
a 3 10 1 30
a 3 13 8 30
a 4 7 4 30
a 6 10 7 30
a 6 8 6 30
a 7 15 5 30
a 1 1 10 31
a 1 12 3 31
a 1 6 2 31
a 1 9 13 31
a 3 11 1 31
a 4 13 8 31
a 4 8 4 31
a 6 10 7 31
a 6 7 6 31
a 1 1 10 32
a 1 13 3 32
a 1 5 2 32
a 1 8 13 32
a 2 11 1 32
a 4 12 8 32
a 4 9 4 32
a 5 7 6 32
a 6 9 7 32
a 1 14 3 33
a 1 2 10 33
a 1 7 13 33
a 2 12 1 33
a 2 5 2 33
a 3 9 4 33
a 4 11 8 33
a 4 7 6 33
a 6 8 7 33
a 1 6 13 34
a 2 12 1 34
a 2 14 3 34
a 2 2 10 34
a 2 4 2 34
a 2 9 4 34
a 3 7 6 34
a 4 10 8 34
a 6 7 7 34
a 1 12 1 35
a 1 5 13 35
a 2 1 10 35
a 2 7 6 35
a 2 9 4 35
a 3 14 3 35
a 3 4 2 35
a 4 9 8 35
a 6 6 7 35
a 1 1 10 36
a 1 11 1 36
a 1 4 13 36
a 1 7 6 36
a 1 9 4 36
a 3 15 3 36
a 3 5 2 36
a 4 9 8 36
a 6 5 7 36
a 1 1 10 37
a 1 11 1 37
a 1 3 13 37
a 1 6 6 37
a 1 8 4 37
a 2 15 3 37
a 3 5 2 37
a 4 8 8 37
a 6 5 7 37
a 1 1 10 38
a 1 5 6 38
a 1 7 4 38
a 2 11 1 38
a 2 14 3 38
a 2 3 13 38
a 3 5 2 38
a 4 8 8 38
a 6 5 7 38
a 1 2 10 39
a 1 5 6 39
a 1 8 4 39
a 3 11 1 39
a 3 14 3 39
a 3 3 13 39
a 3 5 2 39
a 3 8 8 39
a 6 5 7 39
a 1 1 10 40
a 1 6 6 40
a 2 8 4 40
a 3 11 1 40
a 3 14 3 40
a 3 5 2 40
a 4 3 13 40
a 4 8 8 40
a 6 5 7 40
a 1 1 10 41
a 1 11 11 41
a 1 6 6 41
a 3 11 1 41
a 3 14 3 41
a 3 5 2 41
a 3 8 4 41
a 5 3 13 41
a 5 8 8 41
a 6 5 7 41
a 1 10 11 42
a 1 7 6 42
a 2 1 10 42
a 2 5 2 42
a 3 11 1 42
a 3 14 3 42
a 3 7 4 42
a 5 5 7 42
a 5 9 8 42
a 6 3 13 42
a 1 1 10 43
a 1 5 2 43
a 1 9 11 43
a 2 7 6 43
a 3 11 1 43
a 3 14 3 43
a 4 5 7 43
a 4 7 4 43
a 5 10 8 43
a 6 4 13 43
a 1 1 10 44
a 1 6 2 44
a 1 8 11 44
a 3 11 1 44
a 3 14 3 44
a 3 5 7 44
a 3 7 6 44
a 5 11 8 44
a 5 7 4 44
a 6 5 13 44
a 1 1 10 45
a 1 5 2 45
a 1 7 11 45
a 2 14 3 45
a 3 11 1 45
a 3 5 7 45
a 3 7 6 45
a 5 7 4 45
a 6 11 8 45
a 6 5 13 45
a 1 4 2 46
a 1 7 11 46
a 2 1 10 46
a 2 15 3 46
a 3 11 1 46
a 3 5 7 46
a 3 7 6 46
a 5 8 4 46
a 6 11 8 46
a 6 5 13 46
a 1 1 10 47
a 1 3 2 47
a 1 8 11 47
a 3 11 1 47
a 3 15 3 47
a 3 5 7 47
a 3 8 6 47
a 6 11 8 47
a 6 5 13 47
a 6 8 4 47
a 1 1 10 48
a 1 8 11 48
a 2 3 2 48
a 3 11 1 48
a 3 5 7 48
a 3 8 6 48
a 4 15 3 48
a 6 11 8 48
a 6 5 13 48
a 6 8 4 48
a 1 2 10 49
a 1 9 11 49
a 3 11 1 49
a 3 3 2 49
a 3 5 7 49
a 3 8 6 49
a 5 15 3 49
a 6 11 8 49
a 6 5 13 49
a 6 8 4 49
a 1 10 11 50
a 2 2 10 50
a 2 5 7 50
a 3 11 1 50
a 3 8 6 50
a 4 3 2 50
a 5 5 13 50
a 6 11 8 50
a 6 15 3 50
a 6 8 4 50
a 1 11 11 51
a 2 4 7 51
a 3 10 1 51
a 3 2 10 51
a 3 8 6 51
a 4 5 13 51
a 5 3 2 51
a 6 12 8 51
a 6 8 4 51
a 7 15 3 51
a 2 11 11 52
a 2 3 7 52
a 3 5 13 52
a 3 8 6 52
a 4 10 1 52
a 4 2 10 52
a 5 4 2 52
a 6 13 8 52
a 6 8 4 52
a 1 11 12 53
a 2 2 7 53
a 2 5 13 53
a 3 11 11 53
a 3 7 6 53
a 4 2 10 53
a 4 9 1 53
a 6 14 8 53
a 6 4 2 53
a 6 9 4 53
a 1 10 12 54
a 1 2 7 54
a 2 4 13 54
a 3 12 11 54
a 3 2 10 54
a 3 7 6 54
a 4 10 1 54
a 5 14 8 54
a 6 10 4 54
a 6 3 2 54
a 1 1 7 55
a 1 4 13 55
a 1 9 12 55
a 3 10 1 55
a 3 1 10 55
a 4 12 11 55
a 4 14 8 55
a 4 7 6 55
a 5 3 2 55
a 6 11 4 55
a 1 1 7 56
a 1 3 13 56
a 1 8 12 56
a 3 10 1 56
a 3 1 10 56
a 3 12 11 56
a 3 14 8 56
a 4 8 6 56
a 5 2 2 56
a 6 12 4 56
a 1 1 7 57
a 1 4 13 57
a 1 8 12 57
a 3 11 1 57
a 3 13 11 57
a 3 15 8 57
a 3 2 10 57
a 3 8 6 57
a 6 13 4 57
a 6 2 2 57
a 1 11 9 58
a 1 2 7 58
a 1 8 12 58
a 2 15 8 58
a 2 4 13 58
a 3 13 11 58
a 3 2 10 58
a 4 11 1 58
a 4 8 6 58
a 6 13 4 58
a 6 2 2 58
a 1 1 7 59
a 1 9 12 59
a 2 11 9 59
a 2 15 8 59
a 3 13 11 59
a 3 2 10 59
a 3 4 13 59
a 3 8 6 59
a 5 11 1 59
a 6 13 4 59
a 6 2 2 59
a 1 2 7 60
a 2 9 12 60
a 3 11 9 60
a 3 13 11 60
a 3 15 8 60
a 3 2 10 60
a 4 4 13 60
a 4 8 6 60
a 6 11 1 60
a 6 13 4 60
a 6 2 2 60
a 1 3 7 61
a 3 11 9 61
a 3 13 11 61
a 3 2 10 61
a 3 9 12 61
a 4 15 8 61
a 5 4 13 61
a 5 8 6 61
a 6 11 1 61
a 6 13 4 61
a 6 2 2 61
a 1 4 7 62
a 3 11 9 62
a 3 13 11 62
a 3 2 10 62
a 3 8 12 62
a 5 15 8 62
a 6 11 1 62
a 6 13 4 62
a 6 2 2 62
a 6 4 13 62
a 6 8 6 62
a 2 4 7 63
a 3 11 9 63
a 3 8 12 63
a 4 13 11 63
a 4 2 10 63
a 6 11 1 63
a 6 15 8 63
a 6 8 6 63
a 7 13 4 63
a 7 2 2 63
a 7 4 13 63
a 3 11 9 64
a 3 4 7 64
a 3 8 12 64
a 5 13 11 64
a 5 2 10 64
a 6 11 1 64
a 6 8 6 64
a 7 15 8 64
a 8 13 4 64
a 8 2 2 64
a 8 4 13 64
a 3 11 9 65
a 3 8 12 65
a 4 4 7 65
a 6 11 1 65
a 6 13 11 65
a 6 2 10 65
a 6 8 6 65
a 8 15 8 65
a 8 3 2 65
a 8 5 13 65
a 3 12 9 66
a 3 8 12 66
a 4 3 7 66
a 6 8 6 66
a 7 11 1 66
a 7 13 11 66
a 7 2 10 66
a 8 15 8 66
a 8 4 13 66
a 3 8 12 67
a 4 12 9 67
a 5 3 7 67
a 6 8 6 67
a 7 15 8 67
a 7 3 10 67
a 8 11 1 67
a 8 13 11 67
a 8 5 13 67
a 4 8 12 68
a 5 12 9 68
a 6 3 7 68
a 7 8 6 68
a 8 12 1 68
a 8 3 10 68
a 8 6 13 68
a 5 8 12 69
a 6 12 9 69
a 7 3 7 69
a 8 12 1 69
a 8 6 13 69
a 8 8 6 69
a 6 13 9 70
a 6 8 12 70
a 8 13 1 70
a 8 3 7 70
a 8 5 13 70
a 7 13 9 71
a 7 8 12 71
a 8 4 13 71
a 8 13 9 72
a 8 3 13 72
a 8 8 12 72
