4  1  1  11  10  1  5  7  3  1  2  3  15  6
4  2  1  10  10  2  1  2  2  5  7  3  14  6
4  3  1  1  2  1  9  10  3  13  6  3  5  7
5  4  1  14  5  1  2  2  1  8  10  3  13  6  3  6  7
5  5  1  3  2  1  7  10  2  14  5  3  12  6  3  7  7
5  6  1  6  10  2  3  2  3  11  6  3  14  5  3  8  7
5  7  1  5  10  2  8  7  3  11  6  3  14  5  3  3  2
6  8  1  2  1  2  5  10  2  9  7  3  11  6  3  14  5  4  3  2
6  9  1  1  1  1  9  7  2  5  10  3  11  6  3  14  5  4  4  2
6  10  1  1  1  2  4  10  2  9  7  3  11  6  3  14  5  5  4  2
7  11  1  11  8  1  9  7  2  1  1  2  3  10  3  11  6  3  14  5  5  5  2
7  12  1  10  7  1  12  8  2  3  10  3  1  1  3  12  6  4  14  5  4  5  2
7  13  1  11  7  1  13  8  1  3  10  3  2  1  3  5  2  4  12  6  5  14  5
7  14  1  14  8  1  2  10  2  11  7  3  2  1  3  5  2  5  12  6  6  14  5
7  15  1  1  10  2  11  7  2  14  8  3  2  1  3  5  2  5  11  6  5  14  5
7  16  1  1  10  3  11  7  3  14  8  3  2  1  3  5  2  5  10  6  5  13  5
8  17  1  2  10  1  8  4  3  11  7  3  14  8  3  2  1  3  5  2  5  12  5  5  9  6
8  18  1  1  10  2  8  4  3  11  7  3  14  8  3  2  1  3  5  2  5  11  5  5  9  6
8  19  1  1  10  3  11  7  3  14  8  3  3  1  3  5  2  3  8  4  5  11  5  6  9  6
8  20  1  1  10  3  11  7  3  14  8  3  5  2  3  8  4  4  3  1  5  12  5  6  10  6
9  21  1  8  3  2  1  10  3  11  7  3  14  8  3  5  2  3  8  4  5  13  5  5  3  1  6  11  6
9  22  1  1  10  1  9  3  3  11  7  3  13  8  3  5  2  3  8  4  5  14  5  5  4  1  6  11  6
9  23  1  10  3  1  1  10  3  11  7  3  14  8  3  5  2  3  8  4  5  5  1  6  11  6  6  14  5
9  24  1  1  10  1  11  3  3  11  7  3  14  8  3  5  2  3  8  4  5  6  1  6  11  6  6  14  5
9  25  1  1  10  1  12  3  2  5  2  2  8  4  3  11  7  3  14  8  4  6  1  6  11  6  6  14  5
9  26  1  1  10  1  13  3  1  5  2  2  7  4  3  11  7  3  14  8  4  7  1  6  11  6  6  14  5
9  27  1  1  10  1  14  3  1  4  2  1  7  4  3  14  8  4  11  7  4  8  1  6  10  6  6  14  5
9  28  1  1  10  1  14  3  1  5  2  2  7  4  3  14  8  4  9  1  5  11  7  6  14  5  6  9  6
10  29  1  1  10  1  11  13  1  13  3  1  6  2  3  13  8  3  7  4  4  10  1  6  11  7  6  15  5  6  9  6
10  30  1  10  13  1  1  10  1  12  3  1  5  2  3  10  1  3  13  8  4  7  4  6  10  7  6  8  6  7  15  5
9  31  1  1  10  1  12  3  1  6  2  1  9  13  3  11  1  4  13  8  4  8  4  6  10  7  6  7  6
9  32  1  1  10  1  13  3  1  5  2  1  8  13  2  11  1  4  12  8  4  9  4  5  7  6  6  9  7
9  33  1  14  3  1  2  10  1  7  13  2  12  1  2  5  2  3  9  4  4  11  8  4  7  6  6  8  7
9  34  1  6  13  2  12  1  2  14  3  2  2  10  2  4  2  2  9  4  3  7  6  4  10  8  6  7  7
9  35  1  12  1  1  5  13  2  1  10  2  7  6  2  9  4  3  14  3  3  4  2  4  9  8  6  6  7
9  36  1  1  10  1  11  1  1  4  13  1  7  6  1  9  4  3  15  3  3  5  2  4  9  8  6  5  7
9  37  1  1  10  1  11  1  1  3  13  1  6  6  1  8  4  2  15  3  3  5  2  4  8  8  6  5  7
9  38  1  1  10  1  5  6  1  7  4  2  11  1  2  14  3  2  3  13  3  5  2  4  8  8  6  5  7
9  39  1  2  10  1  5  6  1  8  4  3  11  1  3  14  3  3  3  13  3  5  2  3  8  8  6  5  7
9  40  1  1  10  1  6  6  2  8  4  3  11  1  3  14  3  3  5  2  4  3  13  4  8  8  6  5  7
10  41  1  1  10  1  11  11  1  6  6  3  11  1  3  14  3  3  5  2  3  8  4  5  3  13  5  8  8  6  5  7
10  42  1  10  11  1  7  6  2  1  10  2  5  2  3  11  1  3  14  3  3  7  4  5  5  7  5  9  8  6  3  13
10  43  1  1  10  1  5  2  1  9  11  2  7  6  3  11  1  3  14  3  4  5  7  4  7  4  5  10  8  6  4  13
10  44  1  1  10  1  6  2  1  8  11  3  11  1  3  14  3  3  5  7  3  7  6  5  11  8  5  7  4  6  5  13
10  45  1  1  10  1  5  2  1  7  11  2  14  3  3  11  1  3  5  7  3  7  6  5  7  4  6  11  8  6  5  13
10  46  1  4  2  1  7  11  2  1  10  2  15  3  3  11  1  3  5  7  3  7  6  5  8  4  6  11  8  6  5  13
10  47  1  1  10  1  3  2  1  8  11  3  11  1  3  15  3  3  5  7  3  8  6  6  11  8  6  5  13  6  8  4
10  48  1  1  10  1  8  11  2  3  2  3  11  1  3  5  7  3  8  6  4  15  3  6  11  8  6  5  13  6  8  4
10  49  1  2  10  1  9  11  3  11  1  3  3  2  3  5  7  3  8  6  5  15  3  6  11  8  6  5  13  6  8  4
10  50  1  10  11  2  2  10  2  5  7  3  11  1  3  8  6  4  3  2  5  5  13  6  11  8  6  15  3  6  8  4
10  51  1  11  11  2  4  7  3  10  1  3  2  10  3  8  6  4  5  13  5  3  2  6  12  8  6  8  4  7  15  3
9  52  2  11  11  2  3  7  3  5  13  3  8  6  4  10  1  4  2  10  5  4  2  6  13  8  6  8  4
10  53  1  11  12  2  2  7  2  5  13  3  11  11  3  7  6  4  2  10  4  9  1  6  14  8  6  4  2  6  9  4
10  54  1  10  12  1  2  7  2  4  13  3  12  11  3  2  10  3  7  6  4  10  1  5  14  8  6  10  4  6  3  2
10  55  1  1  7  1  4  13  1  9  12  3  10  1  3  1  10  4  12  11  4  14  8  4  7  6  5  3  2  6  11  4
10  56  1  1  7  1  3  13  1  8  12  3  10  1  3  1  10  3  12  11  3  14  8  4  8  6  5  2  2  6  12  4
10  57  1  1  7  1  4  13  1  8  12  3  11  1  3  13  11  3  15  8  3  2  10  3  8  6  6  13  4  6  2  2
11  58  1  11  9  1  2  7  1  8  12  2  15  8  2  4  13  3  13  11  3  2  10  4  11  1  4  8  6  6  13  4  6  2  2
11  59  1  1  7  1  9  12  2  11  9  2  15  8  3  13  11  3  2  10  3  4  13  3  8  6  5  11  1  6  13  4  6  2  2
11  60  1  2  7  2  9  12  3  11  9  3  13  11  3  15  8  3  2  10  4  4  13  4  8  6  6  11  1  6  13  4  6  2  2
11  61  1  3  7  3  11  9  3  13  11  3  2  10  3  9  12  4  15  8  5  4  13  5  8  6  6  11  1  6  13  4  6  2  2
11  62  1  4  7  3  11  9  3  13  11  3  2  10  3  8  12  5  15  8  6  11  1  6  13  4  6  2  2  6  4  13  6  8  6
11  63  2  4  7  3  11  9  3  8  12  4  13  11  4  2  10  6  11  1  6  15  8  6  8  6  7  13  4  7  2  2  7  4  13
11  64  3  11  9  3  4  7  3  8  12  5  13  11  5  2  10  6  11  1  6  8  6  7  15  8  8  13  4  8  2  2  8  4  13
10  65  3  11  9  3  8  12  4  4  7  6  11  1  6  13  11  6  2  10  6  8  6  8  15  8  8  3  2  8  5  13
9  66  3  12  9  3  8  12  4  3  7  6  8  6  7  11  1  7  13  11  7  2  10  8  15  8  8  4  13
9  67  3  8  12  4  12  9  5  3  7  6  8  6  7  15  8  7  3  10  8  11  1  8  13  11  8  5  13
7  68  4  8  12  5  12  9  6  3  7  7  8  6  8  12  1  8  3  10  8  6  13
6  69  5  8  12  6  12  9  7  3  7  8  12  1  8  6  13  8  8  6
5  70  6  13  9  6  8  12  8  13  1  8  3  7  8  5  13
3  71  7  13  9  7  8  12  8  4  13
