2  1  3  1  1  3  5  2
2  2  3  1  1  3  4  2
2  3  3  1  1  3  4  2
2  4  3  1  1  3  4  2
2  5  3  1  1  3  4  2
2  6  3  3  2  4  1  1
3  7  3  2  2  3  5  3  5  1  1
3  8  3  2  2  3  5  3  5  1  1
3  9  3  2  2  3  5  3  5  1  1
3  10  3  2  2  3  5  3  5  1  1
3  11  2  2  2  3  4  3  5  1  1
3  12  1  2  2  3  3  3  4  1  1
4  13  1  1  2  3  2  3  3  5  4  5  1  1
4  14  1  1  2  3  2  3  3  5  4  5  1  1
4  15  1  1  2  3  2  3  3  5  4  5  1  1
4  16  1  1  2  3  2  3  3  5  4  5  1  1
4  17  1  1  2  2  5  4  3  3  3  4  1  1
4  18  1  1  2  1  5  4  3  4  3  5  1  1
4  19  1  1  2  1  4  4  3  5  3  5  1  1
4  20  1  3  4  2  1  2  2  5  3  5  1  1
3  21  2  2  2  2  5  3  4  1  1
3  22  2  2  2  2  5  3  4  1  1
3  23  2  2  2  2  5  3  4  2  1
3  24  2  2  2  2  5  3  5  2  1
3  25  1  5  3  3  2  2  5  2  1
3  26  1  4  3  3  3  2  5  2  1
3  27  1  3  3  3  4  2  4  2  1
2  28  3  2  1  3  5  2
2  29  2  2  1  2  5  2
2  30  2  2  1  2  5  2
2  31  2  2  1  2  5  2
2  32  2  2  1  2  5  2
2  33  1  5  2  3  2  1
2  34  1  4  2  4  2  1
2  35  1  3  2  5  2  1
