ip 3 1 1
ip 3 5 1
ip 3 5 13
ip 3 5 7
op 1 3 21
op 1 3 28
op 1 3 36
op 5 3 37
t1
t10
t15
t19
t24
t26
t31
t33
t38
t44
t47
t50
t53
t6
a 3 1 1 1
a 3 5 2 1
a 3 1 1 2
a 3 4 2 2
a 3 1 1 3
a 3 4 2 3
a 3 1 1 4
a 3 4 2 4
a 3 1 1 5
a 3 4 2 5
a 3 3 2 6
a 4 1 1 6
a 3 2 2 7
a 3 5 3 7
a 5 1 1 7
a 3 2 2 8
a 3 5 3 8
a 5 1 1 8
a 3 2 2 9
a 3 5 3 9
a 5 1 1 9
a 3 2 2 10
a 3 5 3 10
a 5 1 1 10
a 2 2 2 11
a 3 4 3 11
a 5 1 1 11
a 1 2 2 12
a 3 3 3 12
a 4 1 1 12
a 1 1 2 13
a 3 2 3 13
a 3 5 4 13
a 5 1 1 13
a 1 1 2 14
a 3 2 3 14
a 3 5 4 14
a 5 1 1 14
a 1 1 2 15
a 3 2 3 15
a 3 5 4 15
a 5 1 1 15
a 1 1 2 16
a 3 2 3 16
a 3 5 4 16
a 5 1 1 16
a 1 1 2 17
a 2 5 4 17
a 3 3 3 17
a 4 1 1 17
a 1 1 2 18
a 1 5 4 18
a 3 4 3 18
a 5 1 1 18
a 1 1 2 19
a 1 4 4 19
a 3 5 3 19
a 5 1 1 19
a 1 3 4 20
a 2 1 2 20
a 2 5 3 20
a 5 1 1 20
a 2 2 2 21
a 2 5 3 21
a 4 1 1 21
a 2 2 2 22
a 2 5 3 22
a 4 1 1 22
a 2 2 2 23
a 2 5 3 23
a 4 2 1 23
a 2 2 2 24
a 2 5 3 24
a 5 2 1 24
a 1 5 3 25
a 3 2 2 25
a 5 2 1 25
a 1 4 3 26
a 3 3 2 26
a 5 2 1 26
a 1 3 3 27
a 3 4 2 27
a 4 2 1 27
a 3 2 1 28
a 3 5 2 28
a 2 2 1 29
a 2 5 2 29
a 2 2 1 30
a 2 5 2 30
a 2 2 1 31
a 2 5 2 31
a 2 2 1 32
a 2 5 2 32
a 1 5 2 33
a 3 2 1 33
a 1 4 2 34
a 4 2 1 34
a 1 3 2 35
a 5 2 1 35
a 5 3 1 36
